[gd_scene load_steps=7 format=3 uid="uid://3xuh3lgkrcb7"]

[ext_resource type="PackedScene" uid="uid://cyw6ov74l46k8" path="res://props/town/misc/fence_join.tscn" id="4_caq4h"]
[ext_resource type="PackedScene" uid="uid://c5q7bp35m5prv" path="res://props/town/misc/grave.tscn" id="5_vso8e"]

[sub_resource type="PlaneMesh" id="PlaneMesh_wqwgs"]
size = Vector2(50, 50)

[sub_resource type="ProceduralSkyMaterial" id="ProceduralSkyMaterial_0qwaq"]
sky_horizon_color = Color(0.64625, 0.65575, 0.67075, 1)
ground_horizon_color = Color(0.64625, 0.65575, 0.67075, 1)

[sub_resource type="Sky" id="Sky_1nxix"]
sky_material = SubResource("ProceduralSkyMaterial_0qwaq")

[sub_resource type="Environment" id="Environment_7xn6x"]
background_mode = 2
sky = SubResource("Sky_1nxix")
tonemap_mode = 2
glow_enabled = true

[node name="town" type="Node3D"]

[node name="props" type="Node3D" parent="."]

[node name="fencing" type="Node3D" parent="props"]

[node name="fence_join" parent="props/fencing" instance=ExtResource("4_caq4h")]
transform = Transform3D(-0.985662, 0, 0.16873, 0, 1, 0, -0.16873, 0, -0.985662, -5.84921, 0.585035, 3.91883)

[node name="fence_join2" parent="props/fencing" instance=ExtResource("4_caq4h")]
transform = Transform3D(-0.999175, 0, 0.0406201, 0, 1, 0, -0.0406201, 0, -0.999175, -3.50025, 0.585035, 4.17753)

[node name="fence_join3" parent="props/fencing" instance=ExtResource("4_caq4h")]
transform = Transform3D(-0.109769, 0, 0.993957, 0, 1, 0, -0.993957, 0, -0.109769, -1.90619, 0.585035, 5.00115)

[node name="fence_join28" parent="props/fencing" instance=ExtResource("4_caq4h")]
transform = Transform3D(0.0213787, 0, 0.999771, 0, 1, 0, -0.999771, 0, 0.0213787, 2.11039, 0.585035, 5.20603)

[node name="fence_join4" parent="props/fencing" instance=ExtResource("4_caq4h")]
transform = Transform3D(0.999621, 0, -0.0275378, 0, 1, 0, 0.0275378, 0, 0.999621, 3.607, 0.585035, 4.35199)

[node name="fence_join5" parent="props/fencing" instance=ExtResource("4_caq4h")]
transform = Transform3D(0.996812, 0, -0.0797814, 0, 1, 0, 0.0797814, 0, 0.996812, 6.08113, 0.585035, 4.46446)

[node name="fence_join6" parent="props/fencing" instance=ExtResource("4_caq4h")]
transform = Transform3D(0.603973, 0, 0.797004, 0, 1, 0, -0.797004, 0, 0.603973, 7.85468, 0.585035, 3.2553)

[node name="fence_join7" parent="props/fencing" instance=ExtResource("4_caq4h")]
transform = Transform3D(0.0251302, 0, 0.999684, 0, 1, 0, -0.999684, 0, 0.0251302, 8.45901, 0.585035, 1.02333)

[node name="fence_join13" parent="props/fencing" instance=ExtResource("4_caq4h")]
transform = Transform3D(0.0304512, 0, -0.999536, 0, 1, 0, 0.999536, 0, 0.0304512, 8.61218, 0.585035, -5.40618)

[node name="fence_join14" parent="props/fencing" instance=ExtResource("4_caq4h")]
transform = Transform3D(0.551908, 0, -0.833905, 0, 1, 0, 0.833905, 0, 0.551908, 8.15229, 0.585035, -7.4791)

[node name="fence_join15" parent="props/fencing" instance=ExtResource("4_caq4h")]
transform = Transform3D(0.998839, 0, 0.0481698, 0, 1, 0, -0.0481698, 0, 0.998839, 6.40928, 0.585035, -8.63837)

[node name="fence_join16" parent="props/fencing" instance=ExtResource("4_caq4h")]
transform = Transform3D(0.990955, 0, -0.134194, 0, 1, 0, 0.134194, 0, 0.990955, 4.18903, 0.585035, -8.63837)

[node name="fence_join17" parent="props/fencing" instance=ExtResource("4_caq4h")]
transform = Transform3D(0.999996, 0, -0.00274028, 0, 1, 0, 0.00274028, 0, 0.999996, 1.96186, 0.585035, -8.84872)

[node name="fence_join18" parent="props/fencing" instance=ExtResource("4_caq4h")]
transform = Transform3D(0.999991, 0, 0.00431084, 0, 1, 0, -0.00431084, 0, 0.999991, -0.457766, 0.585035, -8.84872)

[node name="fence_join19" parent="props/fencing" instance=ExtResource("4_caq4h")]
transform = Transform3D(0.999991, 0, 0.00431084, 0, 1, 0, -0.00431084, 0, 0.999991, -2.83859, 0.567782, -8.87844)

[node name="fence_join20" parent="props/fencing" instance=ExtResource("4_caq4h")]
transform = Transform3D(0.998714, 0, 0.0506974, 0, 1, 0, -0.0506974, 0, 0.998714, -5.26923, 0.605756, -8.87844)

[node name="fence_join21" parent="props/fencing" instance=ExtResource("4_caq4h")]
transform = Transform3D(0.719934, 0, 0.694043, 0, 1, 0, -0.694043, 0, 0.719934, -7.39075, 0.605756, -8.28135)

[node name="fence_join23" parent="props/fencing" instance=ExtResource("4_caq4h")]
transform = Transform3D(0.0075922, 0, 0.999971, 0, 1, 0, -0.999971, 0, 0.0075922, -8.50231, 0.605756, -6.37748)

[node name="fence_join24" parent="props/fencing" instance=ExtResource("4_caq4h")]
transform = Transform3D(0.0505233, 0, 0.998723, 0, 1, 0, -0.998723, 0, 0.0505233, -8.55435, 0.605756, -3.97389)

[node name="fence_join25" parent="props/fencing" instance=ExtResource("4_caq4h")]
transform = Transform3D(-0.00832504, 0, 0.999965, 0, 1, 0, -0.999965, 0, -0.00832504, -8.55435, 0.605756, -1.59015)

[node name="fence_join26" parent="props/fencing" instance=ExtResource("4_caq4h")]
transform = Transform3D(-0.00832504, 0, 0.999965, 0, 1, 0, -0.999965, 0, -0.00832504, -8.55435, 0.605756, 0.874255)

[node name="fence_join27" parent="props/fencing" instance=ExtResource("4_caq4h")]
transform = Transform3D(-0.801755, 0, 0.597653, 0, 1, 0, -0.597653, 0, -0.801755, -7.82917, 0.633524, 2.93196)

[node name="fence_join8" parent="props/fencing" instance=ExtResource("4_caq4h")]
transform = Transform3D(0.993397, 0, -0.114729, 0, 1, 0, 0.114729, 0, 0.993397, 10.0697, 0.585035, 0.293272)

[node name="fence_join12" parent="props/fencing" instance=ExtResource("4_caq4h")]
transform = Transform3D(0.999544, 0, 0.0301896, 0, 1, 0, -0.0301896, 0, 0.999544, 12.5496, 0.585035, 0.293272)

[node name="fence_join22" parent="props/fencing" instance=ExtResource("4_caq4h")]
transform = Transform3D(0.999544, 0, 0.0301896, 0, 1, 0, -0.0301896, 0, 0.999544, 14.9231, 0.585035, 0.233108)

[node name="fence_join9" parent="props/fencing" instance=ExtResource("4_caq4h")]
transform = Transform3D(0.9997, 0, 0.0244845, 0, 1, 0, -0.0244845, 0, 0.9997, 10.2249, 0.582365, -4.64578)

[node name="fence_join10" parent="props/fencing" instance=ExtResource("4_caq4h")]
transform = Transform3D(0.9997, 0, 0.0244845, 0, 1, 0, -0.0244845, 0, 0.9997, 12.5508, 0.582365, -4.64578)

[node name="fence_join11" parent="props/fencing" instance=ExtResource("4_caq4h")]
transform = Transform3D(0.997741, 0, -0.0671795, 0, 1, 0, 0.0671795, 0, 0.997741, 14.8527, 0.582365, -4.64578)

[node name="graves" type="Node3D" parent="props"]
transform = Transform3D(1, 0, 0, 0, 1, 0, 0, 0, 1, -0.951709, 0, -0.812452)

[node name="grave" parent="props/graves" instance=ExtResource("5_vso8e")]
transform = Transform3D(0.993855, 0, -0.110688, 0, 1, 0, 0.110688, 0, 0.993855, -4.47448, 0.65, 2.24974)

[node name="grave2" parent="props/graves" instance=ExtResource("5_vso8e")]
transform = Transform3D(0.99807, 0, 0.0620937, 0, 1, 0, -0.0620937, 0, 0.99807, -1.49497, 0.65, 2.24974)

[node name="grave3" parent="props/graves" instance=ExtResource("5_vso8e")]
transform = Transform3D(0.991056, 0, -0.13345, 0, 1, 0, 0.13345, 0, 0.991056, 1.40522, 0.65, 2.24974)

[node name="grave4" parent="props/graves" instance=ExtResource("5_vso8e")]
transform = Transform3D(0.998359, 0, 0.0572678, 0, 1, 0, -0.0572678, 0, 0.998359, 6.52487, 0.65, 2.75982)

[node name="grave5" parent="props/graves" instance=ExtResource("5_vso8e")]
transform = Transform3D(0.998494, 0, 0.054863, 0, 1, 0, -0.054863, 0, 0.998494, -4.53014, 0.65, -0.954699)

[node name="grave6" parent="props/graves" instance=ExtResource("5_vso8e")]
transform = Transform3D(0.98359, 0, -0.180416, 0, 1, 0, 0.180416, 0, 0.98359, -1.55063, 0.65, -0.954699)

[node name="grave7" parent="props/graves" instance=ExtResource("5_vso8e")]
transform = Transform3D(0.996714, 0, 0.0809992, 0, 1, 0, -0.0809992, 0, 0.996714, 1.34956, 0.65, -0.954699)

[node name="grave8" parent="props/graves" instance=ExtResource("5_vso8e")]
transform = Transform3D(1, 0, 0, 0, 1, 0, 0, 0, 1, 4.75659, 0.65, -0.954699)

[node name="grave9" parent="props/graves" instance=ExtResource("5_vso8e")]
transform = Transform3D(0.995033, 0, 0.0995455, 0, 1, 0, -0.0995455, 0, 0.995033, -4.09235, 0.65, -4.66059)

[node name="grave10" parent="props/graves" instance=ExtResource("5_vso8e")]
transform = Transform3D(0.99471, 0, -0.102723, 0, 1, 0, 0.102723, 0, 0.99471, -1.11284, 0.65, -4.66059)

[node name="grave11" parent="props/graves" instance=ExtResource("5_vso8e")]
transform = Transform3D(0.99947, 0, -0.0325621, 0, 1, 0, 0.0325621, 0, 0.99947, 1.78735, 0.65, -4.66059)

[node name="grave12" parent="props/graves" instance=ExtResource("5_vso8e")]
transform = Transform3D(0.997737, 0, -0.0672317, 0, 1, 0, 0.0672317, 0, 0.997737, 5.19438, 0.65, -4.66059)

[node name="ground" type="Node3D" parent="props"]

[node name="MeshInstance3D" type="MeshInstance3D" parent="props/ground"]
mesh = SubResource("PlaneMesh_wqwgs")

[node name="lighting" type="Node3D" parent="."]

[node name="DirectionalLight3D" type="DirectionalLight3D" parent="lighting"]
transform = Transform3D(-0.692695, 0.141115, -0.707291, -0.459655, 0.669328, 0.58371, 0.55578, 0.729442, -0.398776, 0, 0, 0)
light_color = Color(1, 0.729412, 0.470588, 1)
shadow_enabled = true

[node name="WorldEnvironment" type="WorldEnvironment" parent="lighting"]
environment = SubResource("Environment_7xn6x")
